    02,    02,    02,    02,    02,    15,    15,    15,    15,    15,    15,    15,    15,    15,    15,    15,    15,    15,    15,    15,    15,    15,    15,    15,    15,    15,    15,    15,    15,    15,    15,    15,    15,    15,    15,    15,    02,    02,    02,    02
    02,    02,    08,    15,    15,    15,    15,    15,    15,    15,    15,    15,    15,    15,    15,    15,    15,    15,    15,    15,    15,    15,    15,    15,    15,    15,    15,    15,    15,    15,    15,    15,    15,    15,    15,    15,    15,    08,    02,    02
    02,    08,    15,    15,    15,    15,    15,    15,    15,    15,    15,    15,    15,    15,    15,    15,    15,    15,    15,    15,    15,    15,    15,    15,    15,    15,    15,    15,    15,    15,    15,    15,    15,    15,    15,    15,    15,    15,    08,    02
    02,    15,    15,    15,    15,    15,    15,    15,    15,    15,    15,    15,    15,    15,    15,    15,    15,    15,    15,    15,    15,    15,    15,    15,    15,    15,    15,    15,    15,    15,    15,    15,    15,    15,    15,    15,    15,    15,    15,    02
    02,    15,    15,    15,    15,    15,    15,    15,    15,    15,    15,    15,    15,    15,    15,    15,    15,    15,    15,    15,    15,    15,    15,    15,    15,    15,    15,    15,    15,    15,    15,    15,    15,    15,    15,    15,    15,    15,    15,    08
    15,    15,    15,    15,    15,    15,    15,    15,    15,    15,    15,    15,    15,    15,    15,    15,    15,    15,    15,    15,    15,    15,    15,    15,    15,    15,    15,    15,    15,    15,    15,    15,    15,    15,    15,    15,    15,    15,    15,    15
    15,    15,    15,    15,    15,    15,    15,    15,    15,    15,    15,    15,    15,    15,    15,    15,    15,    15,    15,    15,    15,    15,    15,    15,    15,    15,    15,    15,    15,    15,    15,    15,    15,    15,    15,    15,    15,    15,    15,    15
    15,    15,    15,    15,    15,    15,    15,    15,    15,    15,    15,    15,    15,    15,    15,    15,    15,    15,    15,    15,    15,    15,    15,    15,    15,    15,    15,    15,    15,    15,    15,    15,    15,    15,    15,    15,    15,    15,    15,    15
    15,    15,    15,    15,    15,    15,    15,    15,    15,    15,    15,    15,    15,    15,    15,    15,    15,    15,    15,    15,    15,    15,    15,    15,    15,    15,    15,    15,    15,    15,    15,    15,    15,    15,    15,    15,    15,    15,    15,    15
    15,    15,    15,    15,    15,    15,    15,    15,    15,    15,    15,    15,    15,    15,    15,    15,    15,    15,    15,    15,    15,    15,    15,    15,    15,    15,    15,    15,    15,    15,    15,    15,    15,    15,    15,    15,    15,    15,    15,    15
    15,    15,    15,    15,    15,    15,    15,    15,    15,    15,    15,    15,    15,    15,    15,    15,    15,    15,    15,    15,    15,    15,    15,    15,    15,    15,    15,    15,    15,    15,    15,    15,    15,    15,    15,    15,    15,    15,    15,    15
    15,    15,    15,    15,    15,    15,    15,    15,    15,    15,    15,    15,    15,    15,    15,    15,    15,    15,    15,    15,    15,    15,    15,    15,    15,    15,    15,    15,    15,    15,    15,    15,    15,    15,    15,    15,    15,    15,    15,    15
    15,    15,    15,    15,    15,    15,    15,    15,    15,    15,    15,    15,    15,    15,    15,    15,    15,    15,    15,    15,    15,    15,    15,    15,    15,    15,    15,    15,    15,    15,    15,    15,    15,    15,    15,    15,    15,    15,    15,    15
    15,    15,    15,    15,    15,    15,    15,    15,    15,    15,    15,    00,    00,    00,    00,    00,    00,    15,    15,    15,    15,    15,    15,    15,    15,    15,    15,    15,    15,    15,    15,    15,    15,    15,    15,    15,    15,    15,    15,    15
    15,    15,    15,    15,    15,    15,    15,    15,    15,    15,    00,    00,    00,    00,    00,    00,    08,    15,    15,    15,    15,    15,    15,    15,    15,    15,    15,    15,    15,    15,    15,    15,    15,    15,    15,    15,    15,    15,    15,    15
    15,    15,    15,    15,    15,    15,    15,    15,    15,    15,    00,    00,    00,    00,    00,    00,    00,    00,    15,    15,    15,    15,    15,    15,    15,    15,    15,    15,    15,    15,    15,    15,    15,    15,    15,    15,    15,    15,    15,    15
    15,    15,    15,    15,    15,    15,    15,    15,    15,    00,    00,    00,    00,    00,    00,    00,    00,    00,    15,    15,    15,    15,    15,    15,    15,    15,    15,    15,    15,    15,    15,    15,    15,    15,    15,    15,    15,    15,    15,    15
    15,    15,    15,    15,    15,    15,    15,    15,    08,    00,    00,    00,    08,    15,    08,    00,    00,    00,    00,    15,    15,    15,    15,    15,    15,    15,    15,    15,    15,    15,    15,    15,    15,    15,    15,    15,    15,    15,    15,    15
    15,    15,    15,    15,    15,    15,    15,    15,    00,    00,    00,    00,    15,    15,    15,    00,    00,    00,    00,    15,    15,    15,    15,    15,    15,    15,    15,    15,    15,    15,    15,    15,    15,    15,    15,    15,    15,    15,    15,    15
    15,    15,    15,    15,    15,    15,    15,    08,    00,    00,    00,    00,    08,    08,    08,    00,    00,    00,    00,    08,    15,    15,    15,    15,    15,    15,    15,    15,    15,    15,    15,    15,    15,    15,    15,    15,    15,    15,    15,    15
    15,    15,    15,    15,    15,    15,    15,    00,    00,    00,    00,    00,    00,    00,    00,    00,    00,    00,    00,    00,    15,    15,    15,    15,    15,    15,    15,    15,    15,    15,    15,    15,    15,    15,    15,    15,    15,    15,    15,    15
    15,    15,    15,    15,    15,    15,    08,    00,    00,    00,    00,    00,    00,    00,    00,    00,    00,    00,    00,    00,    08,    15,    15,    15,    15,    15,    15,    15,    15,    15,    15,    15,    15,    15,    15,    15,    15,    15,    15,    15
    15,    15,    15,    15,    15,    15,    00,    00,    00,    00,    15,    15,    15,    15,    15,    15,    15,    00,    00,    00,    00,    15,    15,    15,    15,    15,    15,    15,    15,    15,    15,    15,    15,    15,    15,    15,    15,    15,    15,    15
    15,    15,    15,    15,    15,    08,    00,    00,    00,    00,    15,    15,    15,    15,    15,    15,    15,    08,    00,    00,    00,    08,    15,    15,    15,    15,    15,    15,    15,    15,    15,    15,    15,    15,    15,    15,    15,    15,    15,    15
    15,    15,    15,    15,    15,    15,    15,    15,    15,    15,    15,    15,    15,    15,    15,    15,    15,    15,    15,    15,    15,    15,    15,    15,    15,    15,    15,    15,    15,    15,    15,    15,    15,    15,    15,    15,    15,    15,    15,    15