    15,    15,    15,    15,    15,    15,    15,    15,    15,    15,    15,    15,    15,    15,    15,    15,    15,    15,    15,    15,    15,    15,    15,    15,    15,    15,    15,    15,    15,    15,    15,    15,    15,    15,    15,    15,    15,    15,    15,    15
    15,    15,    15,    15,    15,    15,    15,    15,    15,    15,    15,    15,    15,    15,    15,    15,    15,    15,    15,    15,    15,    15,    15,    15,    15,    15,    15,    15,    15,    15,    15,    15,    15,    15,    15,    15,    15,    15,    15,    15
    15,    15,    15,    15,    15,    15,    15,    15,    15,    15,    15,    15,    15,    15,    15,    15,    15,    15,    15,    15,    15,    15,    15,    15,    04,    04,    04,    15,    15,    15,    15,    15,    04,    04,    04,    04,    15,    15,    15,    15
    15,    15,    15,    15,    15,    15,    15,    15,    15,    15,    15,    15,    15,    15,    15,    15,    15,    15,    15,    15,    15,    15,    15,    04,    04,    04,    04,    04,    15,    15,    15,    04,    04,    04,    04,    04,    04,    15,    15,    15
    15,    15,    15,    15,    15,    15,    15,    15,    15,    15,    15,    15,    15,    15,    15,    15,    15,    15,    15,    15,    15,    15,    04,    04,    04,    04,    04,    04,    04,    15,    04,    04,    04,    04,    04,    04,    04,    15,    15,    15
    15,    15,    15,    15,    15,    15,    15,    15,    15,    15,    15,    15,    15,    15,    15,    15,    15,    15,    15,    15,    15,    15,    04,    04,    04,    04,    04,    04,    04,    04,    04,    04,    04,    04,    04,    04,    04,    15,    15,    15
    15,    15,    15,    15,    15,    15,    15,    15,    15,    15,    15,    15,    15,    15,    15,    15,    15,    15,    15,    15,    15,    15,    04,    04,    04,    04,    04,    04,    04,    04,    04,    04,    04,    04,    04,    04,    04,    15,    15,    15
    15,    15,    15,    15,    15,    15,    15,    15,    15,    15,    15,    15,    15,    15,    15,    15,    15,    15,    15,    15,    15,    15,    04,    04,    04,    04,    04,    04,    04,    04,    04,    04,    04,    04,    04,    04,    04,    15,    15,    15
    15,    15,    15,    15,    15,    15,    15,    15,    15,    15,    15,    15,    15,    15,    15,    15,    15,    15,    15,    15,    15,    15,    15,    04,    04,    04,    04,    04,    04,    04,    04,    04,    04,    04,    04,    04,    04,    15,    15,    15
    15,    15,    15,    15,    15,    15,    15,    15,    15,    15,    15,    15,    15,    15,    15,    15,    15,    15,    15,    15,    15,    15,    15,    04,    04,    04,    04,    04,    04,    04,    04,    04,    04,    04,    04,    04,    15,    15,    15,    15
    15,    15,    15,    15,    15,    15,    15,    15,    15,    15,    15,    15,    15,    15,    15,    15,    15,    15,    15,    15,    15,    15,    15,    15,    04,    04,    04,    04,    04,    04,    04,    04,    04,    04,    04,    04,    15,    15,    15,    15
    15,    15,    15,    15,    15,    15,    15,    15,    15,    15,    15,    15,    15,    15,    15,    15,    15,    15,    15,    15,    15,    15,    15,    15,    04,    04,    04,    04,    04,    04,    04,    04,    04,    04,    04,    15,    15,    15,    15,    15
    15,    15,    15,    15,    15,    15,    15,    15,    15,    15,    15,    15,    15,    15,    15,    15,    15,    15,    15,    15,    15,    15,    15,    15,    15,    04,    04,    04,    04,    04,    04,    04,    04,    04,    15,    15,    15,    15,    15,    15
    15,    15,    15,    15,    15,    15,    15,    15,    15,    15,    15,    15,    15,    15,    15,    15,    15,    15,    15,    15,    15,    15,    15,    15,    15,    15,    04,    04,    04,    04,    04,    04,    04,    15,    15,    15,    15,    15,    15,    15
    15,    15,    15,    15,    15,    15,    15,    15,    15,    15,    15,    15,    15,    15,    15,    15,    15,    15,    15,    15,    15,    15,    15,    15,    15,    15,    15,    04,    04,    04,    04,    04,    15,    15,    15,    15,    15,    15,    15,    15
    15,    15,    15,    15,    15,    15,    15,    15,    15,    15,    15,    15,    15,    15,    15,    15,    15,    15,    15,    15,    15,    15,    15,    15,    15,    15,    15,    15,    04,    04,    04,    04,    15,    15,    15,    15,    15,    15,    15,    15
    15,    15,    15,    15,    15,    15,    15,    15,    15,    15,    15,    15,    15,    15,    15,    15,    15,    15,    15,    15,    15,    15,    15,    15,    15,    15,    15,    15,    04,    04,    04,    15,    15,    15,    15,    15,    15,    15,    15,    15
    15,    15,    15,    15,    15,    15,    15,    15,    15,    15,    15,    15,    15,    15,    15,    15,    15,    15,    15,    15,    15,    15,    15,    15,    15,    15,    15,    15,    15,    04,    15,    15,    15,    15,    15,    15,    15,    15,    15,    15
    15,    15,    15,    15,    15,    15,    15,    15,    15,    15,    15,    15,    15,    15,    15,    15,    15,    15,    15,    15,    15,    15,    15,    15,    15,    15,    15,    15,    15,    15,    15,    15,    15,    15,    15,    15,    15,    15,    15,    15
    15,    15,    15,    15,    15,    15,    15,    15,    15,    15,    15,    15,    15,    15,    15,    15,    15,    15,    15,    15,    15,    15,    15,    15,    15,    15,    15,    15,    15,    15,    15,    15,    15,    15,    15,    15,    15,    15,    15,    15
    15,    15,    15,    15,    15,    15,    15,    15,    15,    15,    15,    15,    15,    15,    15,    15,    15,    15,    15,    15,    15,    15,    15,    15,    15,    15,    15,    15,    15,    15,    15,    15,    15,    15,    15,    15,    15,    15,    15,    08
    15,    15,    15,    15,    15,    15,    15,    15,    15,    15,    15,    15,    15,    15,    15,    15,    15,    15,    15,    15,    15,    15,    15,    15,    15,    15,    15,    15,    15,    15,    15,    15,    15,    15,    15,    15,    15,    15,    15,    02
    02,    02,    15,    15,    15,    15,    15,    15,    15,    15,    15,    15,    15,    15,    15,    15,    15,    15,    15,    15,    15,    15,    15,    15,    15,    15,    15,    15,    15,    15,    15,    15,    15,    15,    15,    15,    15,    15,    02,    02
    02,    02,    02,    15,    15,    15,    15,    15,    15,    15,    15,    15,    15,    15,    15,    15,    15,    15,    15,    15,    15,    15,    15,    15,    15,    15,    15,    15,    15,    15,    15,    15,    15,    15,    15,    15,    15,    02,    02,    02
    02,    02,    02,    02,    15,    15,    15,    15,    15,    15,    15,    15,    15,    15,    15,    15,    15,    15,    15,    15,    15,    15,    15,    15,    15,    15,    15,    15,    15,    15,    15,    15,    15,    15,    15,    15,    02,    02,    02,    02