    01,    01,    01,    01,    01,    01,    01,    01,    01,    01,    01,    01,    01,    01,    01,    01,    01,    01,    01,    01,    01,    01,    01,    01,    01,    01,    01,    01,    01,    01,    01,    01,    01,    01,    01,    01,    01,    01,    01,    01,
    01,    09,    09,    09,    09,    09,    09,    09,    09,    09,    09,    09,    09,    09,    09,    09,    09,    09,    09,    09,    09,    09,    09,    09,    09,    09,    09,    09,    09,    09,    09,    09,    09,    09,    09,    09,    09,    09,    09,    01,
    01,    09,    01,    01,    01,    01,    01,    09,    09,    01,    09,    09,    09,    01,    09,    09,    01,    01,    01,    09,    09,    01,    09,    09,    09,    09,    01,    01,    01,    01,    09,    09,    09,    01,    01,    01,    01,    01,    09,    01,
    01,    09,    01,    01,    01,    01,    01,    09,    09,    01,    09,    09,    09,    01,    09,    01,    09,    09,    09,    01,    09,    01,    09,    09,    09,    09,    01,    09,    09,    09,    01,    09,    09,    01,    01,    01,    01,    01,    09,    01,
    01,    09,    01,    01,    01,    01,    01,    09,    09,    01,    09,    09,    09,    01,    09,    01,    09,    09,    09,    01,    09,    01,    09,    09,    09,    09,    01,    09,    09,    09,    01,    09,    09,    01,    01,    01,    01,    01,    09,    01,
    01,    09,    01,    01,    01,    01,    01,    09,    09,    01,    01,    01,    01,    01,    09,    01,    09,    09,    09,    01,    09,    01,    09,    09,    09,    09,    01,    09,    09,    09,    01,    09,    09,    01,    01,    01,    01,    01,    09,    01,
    01,    09,    01,    01,    01,    01,    01,    09,    09,    01,    09,    09,    09,    01,    09,    01,    09,    09,    09,    01,    09,    01,    09,    09,    09,    09,    01,    09,    09,    09,    01,    09,    09,    01,    01,    01,    01,    01,    09,    01,
    01,    09,    01,    01,    01,    01,    01,    09,    09,    01,    09,    09,    09,    01,    09,    01,    09,    09,    09,    01,    09,    01,    09,    09,    09,    09,    01,    09,    09,    09,    01,    09,    09,    01,    01,    01,    01,    01,    09,    01,
    01,    09,    01,    01,    01,    01,    01,    09,    09,    01,    09,    09,    09,    01,    09,    01,    09,    09,    09,    01,    09,    01,    09,    09,    09,    09,    01,    09,    09,    09,    01,    09,    09,    01,    01,    01,    01,    01,    09,    01,
    01,    09,    01,    01,    01,    01,    01,    09,    09,    01,    09,    09,    09,    01,    09,    09,    01,    01,    01,    09,    09,    01,    01,    01,    01,    09,    01,    01,    01,    01,    09,    09,    09,    01,    01,    01,    01,    01,    09,    01,
    01,    09,    09,    09,    09,    09,    09,    09,    09,    09,    09,    09,    09,    09,    09,    09,    09,    09,    09,    09,    09,    09,    09,    09,    09,    09,    09,    09,    09,    09,    09,    09,    09,    09,    09,    09,    09,    09,    09,    01,
    01,    01,    01,    01,    01,    01,    01,    01,    01,    01,    01,    01,    01,    01,    01,    01,    01,    01,    01,    01,    01,    01,    01,    01,    01,    01,    01,    01,    01,    01,    01,    01,    01,    01,    01,    01,    01,    01,    01,    01,
    