    02,    02,    02,    02,    02,    15,    15,    15,    15,    15,    15,    15,    15,    15,    15,    15,    15,    15,    15,    15,    15,    15,    15,    15,    15,    15,    15,    15,    15,    15,    15,    15,    15,    15,    15,    15,    02,    02,    02,    02
    02,    02,    15,    15,    15,    15,    15,    15,    15,    15,    15,    15,    15,    15,    15,    15,    15,    15,    15,    15,    15,    15,    15,    15,    15,    15,    15,    15,    15,    15,    15,    15,    15,    15,    15,    15,    15,    15,    02,    02
    02,    15,    15,    15,    15,    15,    15,    15,    15,    15,    15,    15,    15,    15,    15,    15,    15,    15,    15,    15,    15,    15,    15,    15,    15,    15,    15,    15,    15,    15,    15,    15,    15,    15,    15,    15,    15,    15,    15,    02
    02,    15,    15,    15,    15,    15,    15,    15,    15,    15,    15,    15,    15,    15,    15,    15,    15,    15,    15,    15,    15,    15,    15,    15,    15,    15,    15,    15,    15,    15,    15,    15,    15,    15,    15,    15,    15,    15,    15,    02
    02,    15,    15,    15,    15,    15,    15,    15,    15,    15,    15,    15,    15,    15,    15,    15,    15,    15,    15,    15,    15,    15,    15,    15,    15,    15,    15,    15,    15,    15,    15,    15,    15,    15,    15,    15,    15,    15,    15,    08
    15,    15,    15,    15,    15,    15,    15,    15,    15,    15,    15,    15,    15,    15,    15,    15,    15,    15,    15,    15,    15,    15,    15,    15,    15,    15,    15,    15,    15,    15,    15,    15,    15,    15,    15,    15,    15,    15,    15,    15
    15,    15,    15,    15,    15,    15,    15,    15,    15,    15,    15,    15,    15,    15,    15,    15,    15,    15,    15,    15,    15,    15,    15,    15,    15,    15,    15,    15,    15,    15,    15,    15,    15,    15,    15,    15,    15,    15,    15,    15
    15,    15,    15,    15,    15,    15,    15,    15,    15,    15,    15,    15,    15,    15,    15,    15,    15,    15,    15,    15,    15,    15,    15,    15,    15,    15,    15,    15,    15,    15,    15,    15,    15,    15,    15,    15,    15,    15,    15,    15
    15,    15,    15,    15,    15,    15,    15,    15,    15,    15,    15,    15,    15,    15,    15,    15,    15,    15,    15,    15,    15,    15,    15,    15,    15,    15,    15,    15,    15,    15,    15,    15,    15,    15,    15,    15,    15,    15,    15,    15
    15,    15,    15,    15,    15,    15,    15,    15,    15,    15,    15,    15,    15,    15,    15,    15,    15,    15,    15,    15,    15,    15,    15,    15,    15,    15,    15,    15,    15,    15,    15,    15,    15,    15,    15,    15,    15,    15,    15,    15
    15,    15,    15,    15,    15,    15,    15,    15,    15,    15,    15,    15,    15,    15,    15,    15,    15,    15,    15,    15,    15,    15,    15,    15,    15,    15,    15,    15,    15,    15,    15,    15,    15,    15,    15,    15,    15,    15,    15,    15
    15,    15,    15,    15,    15,    15,    15,    15,    15,    15,    15,    15,    15,    15,    15,    15,    15,    15,    15,    15,    15,    15,    15,    15,    15,    15,    15,    15,    15,    15,    15,    15,    15,    15,    15,    15,    15,    15,    15,    15
    15,    15,    15,    15,    15,    15,    15,    15,    15,    15,    15,    15,    15,    15,    15,    15,    15,    15,    15,    15,    15,    15,    15,    15,    15,    15,    15,    15,    15,    15,    15,    15,    15,    15,    15,    15,    15,    15,    15,    15
    15,    15,    15,    15,    15,    15,    15,    00,    00,    00,    15,    15,    15,    15,    15,    00,    00,    00,    00,    15,    15,    15,    15,    15,    15,    15,    15,    15,    15,    15,    15,    15,    15,    15,    15,    15,    15,    15,    15,    15
    15,    15,    15,    15,    15,    15,    15,    00,    00,    00,    15,    15,    15,    15,    00,    00,    00,    00,    15,    15,    15,    15,    15,    15,    15,    15,    15,    15,    15,    15,    15,    15,    15,    15,    15,    15,    15,    15,    15,    15
    15,    15,    15,    15,    15,    15,    15,    00,    00,    00,    15,    15,    15,    00,    00,    00,    00,    00,    15,    15,    15,    15,    15,    15,    15,    15,    15,    15,    15,    15,    15,    15,    15,    15,    15,    15,    15,    15,    15,    15
    15,    15,    15,    15,    15,    15,    15,    00,    00,    00,    00,    00,    00,    00,    00,    00,    00,    15,    15,    15,    15,    15,    15,    15,    15,    15,    15,    15,    15,    15,    15,    15,    15,    15,    15,    15,    15,    15,    15,    15
    15,    15,    15,    15,    15,    15,    15,    00,    00,    00,    00,    00,    00,    00,    00,    15,    15,    15,    15,    15,    15,    15,    15,    15,    15,    15,    15,    15,    15,    15,    15,    15,    15,    15,    15,    15,    15,    15,    15,    15
    15,    15,    15,    15,    15,    15,    15,    00,    00,    00,    00,    00,    00,    00,    15,    15,    15,    15,    15,    15,    15,    15,    15,    15,    15,    15,    15,    15,    15,    15,    15,    15,    15,    15,    15,    15,    15,    15,    15,    15
    15,    15,    15,    15,    15,    15,    15,    00,    00,    00,    15,    15,    00,    00,    00,    00,    15,    15,    15,    15,    15,    15,    15,    15,    15,    15,    15,    15,    15,    15,    15,    15,    15,    15,    15,    15,    15,    15,    15,    15
    15,    15,    15,    15,    15,    15,    15,    00,    00,    00,    15,    15,    15,    00,    00,    00,    00,    00,    15,    15,    15,    15,    15,    15,    15,    15,    15,    15,    15,    15,    15,    15,    15,    15,    15,    15,    15,    15,    15,    15
    15,    15,    15,    15,    15,    15,    15,    00,    00,    00,    15,    15,    15,    15,    00,    00,    00,    00,    00,    15,    15,    15,    15,    15,    15,    15,    15,    15,    15,    15,    15,    15,    15,    15,    15,    15,    15,    15,    15,    15
    15,    15,    15,    15,    15,    15,    15,    00,    00,    00,    15,    15,    15,    15,    15,    00,    00,    00,    00,    15,    15,    15,    15,    15,    15,    15,    15,    15,    15,    15,    15,    15,    15,    15,    15,    15,    15,    15,    15,    15
    15,    15,    15,    15,    15,    15,    15,    00,    00,    00,    15,    15,    15,    15,    15,    15,    00,    00,    00,    00,    00,    15,    15,    15,    15,    15,    15,    15,    15,    15,    15,    15,    15,    15,    15,    15,    15,    15,    15,    15
    15,    15,    15,    15,    15,    15,    15,    15,    15,    15,    15,    15,    15,    15,    15,    15,    15,    15,    15,    15,    15,    15,    15,    15,    15,    15,    15,    15,    15,    15,    15,    15,    15,    15,    15,    15,    15,    15,    15,    15